[
{"timestamp":1663517505,"duration":5,"type":"Data","dataType":"HR","value":67,"signalQuality":90},
{"timestamp":1663517567,"duration":60,"type":"Data","dataType":"HRV","RMSSD":25.4,"SDNN":25.4,"signalQuality":0},
{"timestamp":1663517567,"type":"raw","rawType":"HeartBeat","samplingFreq":50,"duration":60,"counts":66,"value":[48,94,141,188,235,281,326,372,419,465,509,553,597,641,687,731,774,819,865,911,956,1000,1046,1092,1138,1183,1227,1269,1313,1358,1403,1446,1489,1535,1581,1628,1674,1718,1764,1811,1858,1905,1949,1993,2039,2084,2128,2172,2214,2258,2302,2347,2392,2436,2479,2524,2569,2614,2658,2702,2746,2791,2836,2880,2923,2968]},
{"timestamp":1663517629,"duration":60,"type":"Data","dataType":"HRV","RMSSD":24.5,"SDNN":24,"signalQuality":0},
{"timestamp":1663517630,"type":"raw","rawType":"HeartBeat","samplingFreq":50,"duration":60,"counts":66,"value":[12,58,104,150,195,238,281,325,371,417,463,508,553,601,649,696,741,786,832,879,925,970,1014,1059,1105,1152,1200,1245,1290,1335,1382,1428,1472,1516,1561,1606,1651,1695,1738,1782,1827,1872,1918,1962,2006,2050,2096,2142,2189,2234,2278,2324,2371,2417,2463,2507,2551,2597,2644,2691,2736,2782,2828,2874,2920,2964]},
{"timestamp":1663517640,"duration":5,"type":"Data","dataType":"HR","value":67,"signalQuality":90},
{"timestamp":1663517645,"type":"Data","duration":5,"dataType":"SPO2","value":100,"signalQuality":100},
{"timestamp":1663517692,"duration":60,"type":"Data","dataType":"HRV","RMSSD":37.1,"SDNN":34.1,"signalQuality":83},
{"timestamp":1663517693,"type":"raw","rawType":"HeartBeat","samplingFreq":50,"duration":60,"counts":66,"value":[55,100,146,192,238,282,326,371,417,463,503,544,586,629,673,719,764,810,857,904,948,992,1036,1081,1127,1172,1216,1260,1306,1353,1401,1448,1492,1537,1583,1630,1676,1719,1763,1808,1855,1901,1944,1989,2035,2081,2128,2170,2213,2253,2300,2346,2391,2437,2483,2530,2577,2622,2669,2715,2761,2806,2851,2896,2943,2990]},
{"timestamp":1663517699,"duration":5,"type":"Data","dataType":"HR","value":67,"signalQuality":90},
{"timestamp":1663517703,"type":"Data","duration":5,"dataType":"SPO2","value":100,"signalQuality":100},
{"timestamp":1663517765,"duration":60,"type":"Data","dataType":"Sleep","SleepStage":2},
{"timestamp":1663517765,"duration":60,"type":"Data","dataType":"HRV","RMSSD":23.6,"SDNN":20.3,"signalQuality":0},
{"timestamp":1663517766,"type":"raw","rawType":"HeartBeat","samplingFreq":50,"duration":60,"counts":66,"value":[19,64,111,156,201,246,292,338,383,427,472,517,563,609,652,695,739,785,830,874,918,963,1008,1052,1096,1141,1187,1233,1278,1322,1367,1413,1458,1503,1547,1591,1636,1683,1729,1775,1819,1866,1912,1959,2005,2050,2095,2141,2188,2235,2280,2324,2369,2415,2461,2506,2550,2594,2639,2685,2731,2778,2822,2866,2912,2958]}
]